sys=tf([3],[9,8,0.23,pi])

sys =
 
                3
  ------------------------------
  9 s^3 + 8 s^2 + 0.23 s + 3.142
 
Continuous-time transfer function.

[A,B,C]=tf2ss(n,d)

A =

   -0.8889   -0.0256   -0.3491
    1.0000         0         0
         0    1.0000         0


B =

     1
     0
     0


C =

         0         0    0.3333

diary off
