function xp=sso(t,x)
%A=[-0.8889 -0.0256 -0.3491;1 0 0;0 1 0];
%B=[1;0;0];
A=[0 1 0;0 0 1;-0.3491 -0.0256 -0.8889];
B=[0;0;3/9];
u=1;
xp=A*x+B*u;
end